70
0 7 157
0 5 148
0 6 141
1 2 147
1 7 128
2 3 31
2 5 102
2 4 189
2 7 175
2 8 28
3 7 169
3 6 112
3 4 144
3 5 155
3 17 60
4 5 42
4 6 172
4 24 62
5 6 142
5 38 55
6 7 37
6 51 52
7 59 62
8 9 28
8 18 34
9 10 60
10 11 92
11 12 54
11 19 30
12 13 75
12 19 35
13 14 47
13 20 35
14 15 46
15 16 76
16 17 64
16 21 24
17 23 34
18 19 42
18 20 36
21 22 31
22 23 48
24 25 65
24 39 34
25 26 96
26 27 50
27 28 78
27 41 32
28 29 28
28 42 40
29 30 74
29 44 34
30 31 77
30 45 20
31 32 63
31 47 35
32 33 91
33 34 48
34 35 72
35 36 50
36 37 71
37 38 51
37 48 40
38 50 32
39 40 36
40 41 38
42 43 34
43 44 32
45 46 34
46 47 34
48 49 32
49 50 26
51 52 77
51 60 35
52 53 32
53 54 36
54 55 62
54 62 45
55 56 74
56 57 38
56 63 23
57 58 79
57 64 30
58 59 49
58 65 36
59 68 40
60 61 30
61 62 40
63 64 39
65 66 49
66 67 37
67 68 43
