300
206 55 142
7 54 475
119 21 93
207 291 977
71 166 606
250 35 895
192 82 226
5 188 373
97 157 131
10 82 277
265 128 317
108 131 551
207 145 887
211 279 543
243 289 215
191 271 413
114 231 618
258 283 475
276 256 245
86 206 673
24 65 256
237 63 809
67 202 480
209 103 991
281 260 955
66 166 884
144 90 60
72 116 407
219 203 796
10 199 941
77 66 316
104 296 553
190 243 982
157 107 621
200 261 84
59 74 354
193 202 405
179 196 749
298 129 918
72 298 188
299 205 954
44 295 618
233 223 119
257 147 498
120 53 997
72 27 634
67 273 273
140 284 580
150 163 108
95 79 779
143 161 795
182 198 888
33 18 780
299 249 107
245 107 331
235 12 937
223 293 869
1 70 72
29 157 232
252 76 299
45 104 117
213 136 491
158 156 78
60 119 681
215 33 313
97 79 134
221 32 174
245 18 750
41 148 267
284 78 292
2 176 709
81 235 556
231 23 760
208 90 400
291 101 750
78 214 934
181 33 271
291 185 842
192 74 811
194 177 125
142 145 65
274 5 808
79 105 553
144 194 381
220 101 966
106 22 406
100 158 704
233 160 382
215 290 662
292 89 529
93 134 228
176 228 966
181 292 817
2 219 562
118 189 380
92 124 409
109 34 44
128 146 757
168 238 291
277 104 746
202 289 365
202 203 416
76 136 604
21 94 322
186 188 311
37 64 496
150 95 238
215 203 345
143 256 114
237 264 428
226 181 85
213 95 424
163 47 99
17 155 885
85 62 696
62 182 35
229 234 218
293 265 640
137 219 562
203 177 996
294 161 607
272 74 283
286 198 550
274 270 481
231 77 123
99 95 108
209 222 182
130 250 474
256 207 752
232 107 672
177 71 176
293 259 299
98 162 12
34 120 568
210 88 572
268 105 957
102 243 889
56 251 519
276 71 998
43 73 844
29 206 953
174 161 483
123 240 623
175 262 514
200 298 98
229 222 426
282 251 439
6 288 917
215 221 974
113 60 97
125 297 440
14 97 377
144 131 662
192 67 422
100 239 10
118 106 967
146 89 197
274 27 509
163 0 549
163 203 656
56 103 892
89 61 48
15 111 108
289 156 971
120 152 955
11 260 878
61 214 141
265 263 885
23 8 800
272 204 96
165 268 960
48 296 158
235 130 639
242 74 558
79 166 880
88 156 840
173 101 434
41 77 108
38 159 836
134 171 660
288 212 508
157 119 450
11 206 526
185 140 400
159 148 602
268 282 714
69 99 601
100 12 658
190 109 419
251 222 887
36 106 74
279 27 5
195 250 114
267 270 219
31 17 414
125 108 817
101 33 907
213 250 512
290 17 866
286 259 144
176 154 422
4 266 615
5 158 859
51 278 609
162 7 115
79 267 54
20 261 865
206 239 900
255 77 932
285 290 10
56 281 715
1 279 486
101 153 652
259 99 290
80 81 533
246 107 165
98 145 527
57 2 440
36 272 62
212 112 224
71 9 355
159 192 429
159 248 366
14 125 560
220 152 284
174 190 144
182 296 98
154 160 910
291 24 495
174 225 841
240 203 850
247 102 881
184 253 578
73 225 394
37 56 474
25 54 643
276 117 144
94 242 134
180 69 324
60 25 730
180 34 450
269 49 381
199 298 147
105 191 729
86 282 761
188 181 909
45 197 370
26 278 173
44 86 591
11 195 396
18 277 694
188 86 830
115 105 529
116 222 94
163 212 581
146 141 133
186 41 486
247 180 965
296 274 688
45 46 687
225 57 15
57 157 203
138 191 814
179 74 703
115 27 190
69 298 231
64 95 640
60 150 760
155 37 569
34 231 462
1 141 405
150 65 972
26 173 115
253 250 754
42 230 362
275 115 313
224 243 486
239 198 526
283 114 995
90 260 917
213 1 96
38 54 363
93 36 701
144 109 542
184 87 111
79 55 848
257 49 131
205 176 910
153 24 399
43 84 694
2 166 201
50 68 130
198 238 538
132 269 611
241 211 584
78 53 832
243 43 3
261 147 176
292 36 297
195 233 895
251 63 634
129 256 441
231 120 127
295 133 296
61 23 612
230 287 560
27 107 864
132 119 960
168 2 205
290 20 920
67 292 522
267 221 13
268 141 623
42 140 256
133 254 958
128 198 256
87 231 441
81 231 653
178 48 844
91 98 9
94 59 986
238 290 242
90 57 727
59 110 233
207 298 491
39 72 979
52 180 272
247 148 935
134 76 511
36 263 786
14 205 820
14 113 745
168 195 494
292 95 912
291 50 904
183 74 822
72 199 692
174 136 612
106 219 155
88 163 484
187 148 254
12 234 463
27 186 217
240 24 406
0 116 507
52 78 446
192 210 222
188 163 672
233 13 910
114 272 899
17 190 226
127 152 82
120 226 493
183 7 626
151 82 221
93 83 96
14 69 588
76 143 396
3 46 573
182 193 715
204 189 472
256 264 718
256 100 598
154 113 793
77 239 662
4 244 266
137 93 857
183 33 839
148 207 928
294 228 498
298 269 387
135 39 690
258 2 197
295 115 390
291 261 923
138 237 945
158 149 454
125 84 399
90 259 868
235 155 266
39 191 682
201 7 817
124 78 951
131 239 127
152 85 282
8 242 593
28 135 746
63 264 85
128 42 223
209 228 717
185 133 478
106 10 849
62 100 643
87 174 471
40 125 678
73 219 599
203 258 540
104 135 887
73 239 815
272 64 68
19 285 872
146 289 530
46 11 824
262 201 245
233 1 927
36 27 519
294 209 301
299 218 323
49 106 912
4 39 924
60 182 928
77 211 44
52 256 996
209 14 21
83 142 891
132 284 565
50 82 18
219 43 124
160 90 306
13 225 161
122 246 534
139 73 926
203 298 632
67 296 630
171 98 155
91 109 872
278 97 952
54 26 346
248 272 909
98 231 166
161 159 380
253 54 419
231 274 889
289 79 971
207 73 51
126 175 605
185 239 894
1 252 307
113 278 384
94 280 217
282 284 629
139 199 788
11 198 556
161 12 393
196 113 246
4 61 140
269 238 754
296 239 419
108 168 304
142 87 403
64 160 425
183 262 492
250 284 634
226 44 858
283 76 171
281 20 548
200 61 70
286 65 796
98 59 498
286 29 806
22 263 326
229 57 173
39 233 227
203 98 915
27 139 179
155 105 860
113 128 892
103 223 54
222 57 111
224 291 344
224 27 321
128 24 840
249 198 589
169 296 187
220 298 83
193 287 527
291 107 862
109 69 148
81 153 669
41 65 308
165 6 203
130 212 287
233 25 385
192 105 867
106 116 613
222 213 374
234 101 358
282 83 988
149 181 97
218 189 661
294 159 103
206 178 901
285 23 777
139 48 384
238 6 624
24 192 376
261 234 270
129 254 561
74 120 68
292 229 299
34 36 146
223 113 742
286 229 679
20 279 28
180 171 538
271 72 819
189 174 730
13 253 724
247 37 737
192 12 491
240 246 885
124 232 160
14 88 174
9 285 493
295 98 748
259 75 275
5 208 776
194 202 441
58 98 811
290 125 716
70 147 386
255 31 591
76 229 846
113 272 881
270 127 649
296 277 463
183 151 99
45 84 118
119 18 386
229 273 762
11 187 357
36 228 745
258 210 518
32 53 23
85 152 717
115 14 264
206 9 835
28 59 941
5 252 635
164 73 706
291 266 272
6 123 836
179 250 714
47 174 264
219 232 484
7 245 116
178 158 260
204 67 566
292 298 281
264 246 201
143 124 79
9 257 884
73 186 468
216 289 782
108 175 110
3 122 232
25 209 187
58 83 694
48 270 380
9 110 292
15 43 214
249 53 93
206 225 735
216 120 685
98 299 761
180 28 181
30 246 280
161 273 785
213 112 837
48 45 623
143 265 790
145 80 534
93 183 389
91 189 1000
45 281 523
209 285 250
136 258 410
169 285 541
37 63 148
76 12 724
92 37 362
187 203 702
77 183 129
187 57 173
218 171 714
149 145 180
26 82 161
297 158 162
160 244 355
241 280 848
56 284 891
186 261 903
49 102 235
243 95 380
148 173 747
199 33 811
56 94 168
217 54 54
112 219 98
192 58 868
143 89 629
20 201 8
108 247 595
63 225 224
17 191 760
103 244 543
164 72 7
144 154 299
95 159 153
194 230 105
222 140 16
2 108 131
148 47 670
154 294 366
158 235 442
7 271 282
101 3 968
41 112 225
253 295 359
54 120 372
72 89 125
152 60 810
290 26 803
37 175 664
224 214 83
132 13 895
279 77 612
176 297 806
15 97 655
159 6 53
262 211 556
284 129 835
229 54 732
191 279 609
65 54 422
226 189 954
205 246 87
69 56 681
204 159 796
1 4 802
139 240 83
157 193 995
101 125 563
122 2 273
119 81 205
151 78 34
188 148 233
114 147 259
130 276 898
162 100 613
145 34 337
195 4 963
52 129 3
167 168 537
165 77 175
225 255 365
289 22 258
149 7 565
94 243 825
191 156 361
97 90 445
246 24 759
31 21 796
152 65 276
61 67 628
179 275 58
193 217 652
70 149 448
86 85 220
223 244 893
273 104 41
109 122 487
189 295 13
222 264 200
292 197 502
183 250 627
25 6 701
144 165 920
189 142 352
86 162 525
276 286 414
285 180 217
212 228 995
118 258 777
1 263 232
165 255 175
213 237 567
88 281 840
29 67 696
208 72 147
265 46 96
216 204 119
135 58 81
49 287 534
186 270 446
44 225 613
18 258 109
104 51 752
77 36 997
229 251 795
275 59 724
35 55 567
87 291 15
29 210 705
3 75 86
28 192 115
89 281 602
160 168 441
12 166 259
20 60 194
174 239 938
21 249 387
248 130 116
203 215 53
220 169 706
283 182 739
106 237 382
253 252 393
157 92 710
236 38 402
182 245 95
75 260 489
265 17 3
149 190 444
296 182 451
154 178 85
207 59 973
179 1 944
44 72 583
194 16 181
130 254 611
78 41 805
180 196 357
29 268 999
207 4 479
194 13 301
237 44 293
273 39 389
132 296 148
34 296 486
295 99 974
5 138 445
225 113 306
38 62 918
38 170 286
221 224 761
54 134 673
112 131 517
45 247 861
287 149 239
252 0 152
74 130 481
114 118 960
88 212 50
294 53 669
157 63 61
268 189 686
84 86 874
182 43 657
164 214 821
288 8 995
289 146 950
200 86 89
277 162 469
141 44 71
208 156 790
110 116 224
73 185 992
48 73 242
21 81 360
82 247 314
30 260 759
12 200 386
177 224 213
292 110 994
157 168 596
3 28 895
227 46 676
219 151 162
247 134 991
47 50 406
48 66 697
259 257 72
55 192 407
121 54 112
13 59 635
99 211 639
148 176 859
141 289 984
119 170 384
133 112 140
207 47 584
215 44 294
159 177 831
56 16 914
179 204 701
168 184 212
141 150 992
79 20 958
54 288 715
180 208 581
84 263 505
161 19 613
292 143 523
108 287 416
130 295 711
81 194 564
227 61 546
223 173 860
176 3 917
109 79 686
242 169 70
50 199 982
295 126 776
276 292 639
21 145 699
26 195 188
12 229 762
214 172 615
94 91 175
7 87 795
273 102 663
105 4 249
255 67 85
210 89 149
171 140 637
258 278 770
207 113 371
207 197 195
131 283 87
237 252 754
225 69 561
10 210 203
235 93 840
144 240 575
210 5 714
143 283 452
40 169 929
235 134 411
117 121 384
113 141 750
210 291 696
7 281 420
265 7 732
164 94 350
143 168 490
204 298 235
257 158 139
165 184 516
185 259 59
39 35 218
138 53 857
117 148 718
8 202 873
40 38 336
79 58 930
235 285 737
244 11 984
221 71 431
201 22 969
168 82 548
68 152 330
151 9 148
210 219 492
30 123 515
36 184 579
275 70 789
160 18 339
84 165 987
255 106 225
10 6 593
299 30 642
34 131 970
41 216 605
131 78 188
82 32 443
72 284 827
41 189 915
121 141 120
155 218 617
93 282 377
169 45 316
229 218 727
107 16 976
0 79 251
234 5 210
184 28 504
96 293 185
29 254 191
279 121 130
155 36 789
123 203 321
137 221 364
125 294 711
94 80 819
115 77 239
262 99 898
91 212 571
54 104 84
121 203 855
90 188 289
98 20 1000
118 292 660
236 65 862
273 112 946
103 22 462
230 185 335
79 40 716
114 243 416
213 166 353
22 138 524
50 285 595
93 193 926
106 118 482
4 220 382
134 208 596
142 232 861
228 136 70
238 202 908
162 114 622
100 62 697
135 268 468
252 185 100
47 44 7
188 251 63
15 27 593
16 23 588
67 84 495
165 10 247
84 15 605
177 235 505
255 196 390
109 277 609
96 190 638
225 80 720
50 233 110
154 105 813
273 225 171
167 36 545
88 31 644
184 10 590
125 244 68
175 199 603
288 28 554
231 222 350
36 247 156
222 142 597
134 204 126
180 1 201
186 238 687
63 289 140
132 10 720
161 38 993
230 33 732
279 120 10
153 166 294
125 64 878
142 47 706
243 109 485
200 104 99
106 111 274
237 25 388
52 248 516
260 95 677
196 76 514
149 139 881
87 44 182
90 127 776
79 134 566
216 150 651
180 176 884
102 121 279
66 46 438
29 275 512
153 103 738
204 15 1
100 217 426
54 240 789
295 94 875
208 35 573
137 235 355
163 138 4
94 195 328
127 84 166
123 119 350
12 157 571
203 97 5
31 32 432
102 75 809
47 159 214
18 59 395
49 180 329
147 290 802
140 234 9
273 94 42
126 98 410
178 0 38
180 218 479
130 138 776
93 177 371
53 148 651
108 286 700
136 40 823
51 52 289
28 49 331
230 236 941
228 69 302
265 36 514
265 173 517
79 286 254
29 186 801
124 212 128
101 179 447
13 55 228
188 95 855
196 160 246
86 67 154
45 143 235
124 203 317
294 47 278
223 242 812
296 164 90
59 209 383
123 238 722
122 90 492
257 128 565
16 12 338
1 248 431
46 15 722
46 149 996
156 294 380
7 196 543
244 161 8
174 134 959
181 208 457
236 75 330
234 24 21
229 168 825
84 28 319
35 171 197
40 129 987
155 212 571
135 180 49
81 139 801
145 123 310
262 222 759
112 293 337
18 252 814
223 169 776
112 64 168
103 224 570
71 193 498
217 228 149
208 290 16
220 57 87
252 41 326
1 55 63
174 142 917
198 17 640
132 151 237
233 61 410
246 253 330
80 289 725
292 250 763
203 70 714
73 266 491
122 264 962
96 275 453
126 283 102
30 248 495
52 68 441
132 186 990
290 85 78
27 296 682
45 191 681
225 56 554
28 275 790
4 193 596
82 292 497
3 79 91
108 67 133
280 299 764
68 280 100
278 124 776
174 86 852
281 167 555
30 274 100
34 60 507
162 116 274
265 230 169
159 103 262
109 100 468
2 276 456
89 179 850
145 283 148
243 4 447
188 218 646
173 59 999
272 80 895
48 242 242
90 162 253
276 109 9
130 178 587
35 140 986
174 213 340
299 184 531
15 117 107
31 107 245
298 65 877
266 63 960
24 151 686
100 298 379
92 185 828
122 155 120
257 75 159
147 260 486
142 183 542
69 228 64
189 119 953
299 271 292
211 88 472
49 265 817
127 162 219
42 263 960
42 276 202
225 272 666
142 252 28
166 175 28
220 67 862
35 138 36
60 289 117
251 95 155
266 229 638
32 191 831
162 8 670
177 160 673
193 271 114
225 266 623
133 200 752
88 287 35
201 81 146
260 8 374
145 172 507
164 75 653
60 86 217
262 152 861
90 150 496
234 285 206
258 249 302
167 223 601
4 48 970
146 101 105
113 270 597
218 23 462
112 150 140
245 161 75
134 257 996
272 282 834
117 108 896
115 139 218
181 205 569
278 19 234
86 153 137
292 135 559
70 30 791
100 219 179
210 43 45
11 220 208
293 239 732
241 158 701
8 87 368
116 77 321
118 275 546
115 249 173
61 116 87
282 187 884
252 288 655
43 138 611
160 208 867
128 248 626
21 10 942
6 107 568
273 67 566
258 179 705
250 205 100
219 64 779
157 95 573
154 157 650
290 140 566
226 292 307
230 25 971
125 1 760
187 46 26
233 156 730
79 181 315
39 270 496
25 140 314
233 261 385
60 81 94
227 155 353
258 110 884
183 65 336
36 76 83
288 294 279
28 13 225
290 132 820
115 75 961
31 159 661
227 9 422
190 135 864
265 22 375
133 144 137
78 230 719
98 7 791
67 260 408
232 252 463
5 143 115
92 262 75
176 290 389
182 56 432
204 203 334
202 174 58
59 37 314
266 61 961
294 1 303
206 143 859
33 148 974
284 220 646
213 55 9
107 151 793
169 51 23
89 134 493
206 41 770
19 185 175
18 220 269
216 237 819
198 256 325
63 88 731
159 21 834
259 286 952
257 182 334
20 284 443
57 111 212
135 278 484
47 83 419
189 118 66
271 125 896
261 285 213
291 103 279
156 215 528
143 215 272
279 255 440
39 161 366
199 230 441
109 89 700
225 215 893
245 290 456
95 221 886
257 164 577
291 110 469
178 8 511
15 254 419
23 246 487
289 77 920
250 80 577
90 253 463
285 121 10
188 185 552
30 8 317
159 227 275
185 179 203
9 238 347
238 223 545
199 210 568
208 281 951
243 263 6
191 1 592
171 233 666
269 208 569
271 159 510
34 133 903
143 115 170
158 165 648
273 168 635
77 59 159
249 299 479
274 194 284
92 1 127
210 52 29
146 151 881
250 213 775
228 242 984
45 88 176
278 239 778
80 266 944
172 146 458
123 132 268
41 89 795
107 224 332
131 62 35
158 51 347
236 298 539
204 252 745
101 6 602
238 261 99
31 33 79
252 262 155
259 223 665
26 204 232
204 285 866
167 154 519
157 140 846
99 141 363
108 68 423
55 131 122
12 183 99
162 228 789
165 60 42
263 151 165
188 13 520
212 12 783
127 193 150
87 127 879
232 105 313
33 152 954
208 108 890
229 136 438
212 216 485
198 123 953
79 70 331
19 161 857
264 69 621
109 294 771
201 66 931
171 62 321
112 107 280
82 167 975
25 177 590
109 266 501
124 223 813
286 253 45
273 40 908
6 61 557
206 32 312
269 294 216
173 204 751
198 43 124
16 239 720
269 285 774
31 251 73
0 118 721
18 162 878
290 69 807
158 84 153
244 217 251
198 280 342
226 141 961
219 231 566
61 129 498
219 294 530
221 29 659
130 173 949
82 20 51
212 43 856
279 298 441
287 254 401
200 272 147
177 253 616
207 223 856
1 160 88
204 231 954
260 31 956
181 243 784
113 110 508
210 236 158
105 155 602
25 61 785
143 221 892
224 133 465
9 126 412
85 164 865
16 128 183
109 75 778
170 74 802
81 120 169
67 225 752
124 104 597
117 127 245
19 71 967
194 95 410
18 21 575
85 261 301
246 212 549
38 291 509
203 170 309
251 205 402
231 239 61
125 136 8
86 11 956
129 146 58
246 181 658
53 181 374
106 270 920
264 180 20
0 233 709
275 281 254
198 187 679
124 150 616
153 254 197
211 230 39
262 267 147
27 9 916
221 299 483
256 227 504
275 32 614
132 263 360
160 206 175
127 197 569
15 199 730
84 277 715
111 297 61
269 71 931
170 240 604
11 34 647
126 278 938
81 74 495
106 156 420
119 200 702
211 193 126
51 140 817
35 19 879
240 81 487
112 191 229
292 142 813
161 61 450
298 214 450
227 173 221
95 177 581
242 111 82
120 57 231
98 154 783
34 291 288
209 255 652
240 107 383
262 223 41
209 190 137
128 52 133
188 2 472
125 43 526
160 277 438
263 33 765
207 88 72
95 210 390
98 39 606
58 170 189
290 100 768
11 40 129
161 194 99
96 256 754
288 238 971
189 254 7
199 263 123
125 7 824
293 193 798
205 15 210
45 38 46
50 34 483
207 138 903
257 254 196
196 204 119
103 126 982
197 40 858
129 96 870
246 25 655
66 161 401
143 298 173
231 255 50
129 235 87
214 190 434
252 176 951
67 223 413
17 203 949
282 19 456
180 33 5
68 47 530
125 140 131
250 17 998
275 162 643
295 5 480
286 196 32
208 81 237
11 235 165
104 55 577
111 141 820
75 277 468
108 69 719
37 69 107
268 27 569
94 165 610
121 207 184
