1000
0 19 194
0 11 127
0 3 120
0 6 155
0 12 167
1 20 138
1 21 181
1 10 145
2 3 44
2 17 149
2 9 160
2 19 117
2 22 47
3 8 124
3 20 152
3 6 175
3 13 140
3 9 165
3 15 156
3 43 34
4 5 46
4 17 151
4 9 160
4 13 131
4 126 61
5 19 103
5 12 148
5 154 46
6 7 34
6 8 144
6 10 157
6 244 36
7 14 146
7 15 157
7 13 149
7 8 123
7 20 193
7 17 119
7 18 164
7 267 70
8 9 41
8 16 132
8 18 104
8 12 173
8 335 38
8 336 26
8 337 39
8 338 32
8 339 31
8 340 34
8 341 27
8 342 47
8 343 31
8 344 34
8 345 41
8 346 47
8 347 40
8 348 37
8 349 35
8 350 36
8 351 31
8 352 34
8 353 33
8 354 37
9 10 160
9 18 119
9 20 113
9 335 25
9 336 32
9 337 36
9 338 46
9 339 36
9 340 36
9 341 35
9 342 33
9 343 48
9 344 28
9 345 32
9 346 37
9 347 34
9 348 40
9 349 35
9 350 24
9 351 27
9 352 21
9 353 28
9 354 38
10 11 44
10 17 112
10 14 132
10 408 74
11 14 156
11 425 82
12 13 42
12 499 37
13 20 133
13 14 163
13 529 45
14 15 45
14 17 133
14 20 173
14 651 85
15 19 161
15 674 87
16 17 31
16 736 42
17 20 132
17 747 29
18 19 44
18 808 90
19 821 66
20 21 48
20 850 28
20 851 28
20 852 26
20 853 31
20 854 31
20 855 37
20 856 32
20 857 48
20 858 41
20 859 23
20 860 29
20 861 24
20 862 29
20 863 39
20 864 33
20 865 41
20 866 39
20 867 31
20 868 35
20 869 29
20 870 36
20 871 38
20 872 29
20 873 37
20 874 37
20 875 33
20 876 40
20 877 37
20 878 36
20 879 46
20 880 26
20 881 35
21 850 33
21 851 26
21 852 35
21 853 41
21 854 34
21 855 25
21 856 30
21 857 38
21 858 38
21 859 37
21 860 38
21 861 46
21 862 21
21 863 35
21 864 39
21 865 35
21 866 37
21 867 33
21 868 38
21 869 24
21 870 38
21 871 21
21 872 24
21 873 36
21 874 38
21 875 35
21 876 48
21 877 45
21 878 32
21 879 37
21 880 40
21 881 28
22 23 48
22 44 29
23 24 55
24 25 67
25 26 43
25 59 36
26 27 38
27 28 61
28 29 80
28 60 38
29 30 81
29 68 36
30 31 62
31 32 63
31 69 35
32 33 54
32 88 42
33 34 24
34 35 88
34 89 46
35 36 96
35 95 37
36 37 81
36 96 30
37 38 58
38 39 62
38 115 31
39 40 96
39 116 42
40 41 66
40 124 41
41 42 51
41 124 28
42 43 55
42 125 33
44 45 21
45 46 37
46 47 35
47 48 33
48 49 32
49 50 23
50 51 36
51 52 44
52 53 24
53 54 31
53 62 35
53 63 50
54 55 26
55 56 48
56 57 30
57 58 40
58 59 40
60 61 23
61 62 34
63 64 23
64 65 37
65 66 42
66 67 35
67 68 35
69 70 48
70 71 40
71 72 39
72 73 37
73 74 36
74 75 39
75 76 33
76 77 34
77 78 33
78 79 34
79 80 27
80 81 41
81 82 34
82 83 27
83 84 41
84 85 32
85 86 27
85 90 42
85 91 27
86 87 30
87 88 37
89 90 36
91 92 42
92 93 29
93 94 33
94 95 43
96 97 26
97 98 35
98 99 33
99 100 25
100 101 33
101 102 45
102 103 31
103 104 47
104 105 39
105 106 33
106 107 33
107 108 45
108 109 42
109 110 29
110 111 31
111 112 43
112 113 33
113 114 35
114 115 40
116 117 36
117 118 29
118 119 26
119 120 37
120 121 34
121 122 37
122 123 28
123 124 36
123 125 39
126 127 88
126 155 33
127 128 42
128 129 22
129 130 74
129 158 44
130 131 71
131 132 59
132 133 55
132 159 36
133 134 70
133 178 37
134 135 80
134 179 34
135 136 49
135 183 36
136 137 55
136 184 20
137 138 29
137 186 40
138 139 58
139 140 93
139 187 37
140 141 33
141 142 37
141 197 38
142 143 83
142 198 39
143 144 55
143 208 30
144 145 50
144 209 49
145 146 42
145 223 24
146 147 67
147 148 46
147 224 22
148 149 65
149 150 64
150 151 50
150 234 46
151 152 83
152 153 61
152 235 42
153 154 88
154 243 37
155 156 34
156 157 32
157 158 29
159 160 34
160 161 37
161 162 40
162 163 33
163 164 27
164 165 39
165 166 34
166 167 46
167 168 38
168 169 34
169 170 28
169 179 43
169 180 31
170 171 37
171 172 29
172 173 28
173 174 22
174 175 33
175 176 40
176 177 39
177 178 27
180 181 35
180 185 38
180 186 28
181 182 33
182 183 32
184 185 43
187 188 35
188 189 32
189 190 35
190 191 32
191 192 25
192 193 34
193 194 33
194 195 45
195 196 29
196 197 28
198 199 44
199 200 23
200 201 21
201 202 23
202 203 22
203 204 37
204 205 30
205 206 31
206 207 40
207 208 28
209 210 34
210 211 26
211 212 39
212 213 30
213 214 45
214 215 41
215 216 45
216 217 45
217 218 47
218 219 35
219 220 41
220 221 46
221 222 41
222 223 32
224 225 47
225 226 23
226 227 41
227 228 43
228 229 45
229 230 37
230 231 28
231 232 24
232 233 38
233 234 26
235 236 33
236 237 50
237 238 36
238 239 41
239 240 29
240 241 30
241 242 24
242 243 37
244 245 69
245 246 21
245 268 41
246 247 50
247 248 65
247 270 33
248 249 88
248 271 41
249 250 67
249 288 34
250 251 63
251 252 72
251 289 33
252 253 54
253 254 74
253 294 34
254 255 51
255 256 71
255 295 24
256 257 71
257 258 92
257 305 27
258 259 48
259 260 91
259 306 38
260 261 61
260 315 28
261 262 86
261 316 44
262 263 47
263 264 49
264 265 52
265 266 32
266 267 44
267 334 34
268 269 29
269 270 36
271 272 35
272 273 35
273 274 41
274 275 43
275 276 27
276 277 29
277 278 32
278 279 35
279 280 28
280 281 48
281 282 48
282 283 26
283 284 38
284 285 28
285 286 40
286 287 32
287 288 46
289 290 43
290 291 35
291 292 44
291 299 27
291 300 32
292 293 25
293 294 41
294 298 49
294 299 44
295 296 29
296 297 32
297 298 31
300 301 31
300 306 26
300 307 20
301 302 33
302 303 46
303 304 25
304 305 40
307 308 35
308 309 37
309 310 45
310 311 38
311 312 36
312 313 28
313 314 37
314 315 39
316 317 29
317 318 26
318 319 36
319 320 33
320 321 35
321 322 32
322 323 34
323 324 27
324 325 39
325 326 42
326 327 32
327 328 41
328 329 26
329 330 34
330 331 31
331 332 36
332 333 20
333 334 37
335 355 31
335 356 42
335 357 42
335 358 41
335 359 42
335 360 35
335 361 45
335 362 29
335 363 34
335 364 25
335 365 40
335 366 37
335 367 44
335 368 41
335 369 34
335 370 30
335 371 39
337 355 37
337 356 38
337 357 43
337 358 25
337 359 25
337 360 20
337 361 44
337 362 31
337 363 37
337 364 33
337 365 43
337 366 35
337 367 37
337 368 41
337 369 31
337 370 26
337 371 25
339 372 27
339 373 41
339 374 28
339 375 31
339 376 44
339 377 46
340 372 31
340 373 43
340 374 40
340 375 40
340 376 34
340 377 40
342 378 33
342 379 49
343 378 41
343 379 44
344 380 35
344 381 23
344 382 32
344 383 38
344 384 50
344 385 28
344 386 22
344 387 27
344 388 38
344 389 33
344 390 35
346 380 27
346 381 36
346 382 46
346 383 39
346 384 27
346 385 27
346 386 27
346 387 42
346 388 41
346 389 33
346 390 39
350 391 32
350 392 38
350 393 30
350 394 28
350 395 29
350 396 32
350 397 38
350 398 38
350 399 23
350 400 30
350 401 40
350 402 29
350 403 31
350 404 40
350 405 33
350 406 24
350 407 44
351 391 24
351 392 41
351 393 43
351 394 35
351 395 40
351 396 26
351 397 45
351 398 31
351 399 26
351 400 23
351 401 33
351 402 32
351 403 43
351 404 30
351 405 33
351 406 37
351 407 27
408 409 65
408 426 26
409 410 95
410 411 51
410 445 38
411 412 69
411 446 33
412 413 61
412 460 43
413 414 35
413 461 33
414 415 43
415 416 56
415 471 39
416 417 52
416 471 46
417 418 43
417 475 34
418 419 50
419 420 70
419 475 36
420 421 48
421 422 55
422 423 39
422 478 25
423 424 74
423 479 35
424 425 85
424 498 28
426 427 37
427 428 46
428 429 33
429 430 46
430 431 30
431 432 37
432 433 28
433 434 39
434 435 39
435 436 40
436 437 47
437 438 27
438 439 24
439 440 33
440 441 39
441 442 39
442 443 34
443 444 44
444 445 37
446 447 38
447 448 39
448 449 37
449 450 36
450 451 34
451 452 42
452 453 29
453 454 24
454 455 35
455 456 30
456 457 33
456 461 36
456 462 48
457 458 34
458 459 31
459 460 42
462 463 46
463 464 43
464 465 42
465 466 38
466 467 30
467 468 33
468 469 35
468 472 23
468 473 27
469 470 34
470 471 37
471 472 37
473 474 34
474 475 28
474 476 28
474 477 28
475 476 35
477 478 34
479 480 32
480 481 36
481 482 44
482 483 49
483 484 33
484 485 30
485 486 45
486 487 38
487 488 34
488 489 45
489 490 21
490 491 42
491 492 35
492 493 26
493 494 24
494 495 28
495 496 32
496 497 40
497 498 24
499 500 46
500 501 50
501 502 92
501 530 32
502 503 70
503 504 37
503 546 46
504 505 68
504 547 30
505 506 35
505 553 33
506 507 64
506 554 35
507 508 81
507 571 48
508 509 53
508 572 30
509 510 36
509 587 32
510 511 49
510 588 24
511 512 55
512 513 71
513 514 50
513 592 45
514 515 40
514 593 45
515 516 58
516 517 47
517 518 43
518 519 81
518 604 29
519 520 34
520 521 28
520 605 49
521 522 69
522 523 24
523 524 34
523 615 38
524 525 43
524 616 31
525 526 68
525 632 45
526 527 59
527 528 38
527 633 44
528 529 76
528 650 28
530 531 42
531 532 29
532 533 48
533 534 40
534 535 27
535 536 25
536 537 42
537 538 32
538 539 44
539 540 45
540 541 33
541 542 34
542 543 34
543 544 20
544 545 44
545 546 39
547 548 50
548 549 34
549 550 41
550 551 41
551 552 24
552 553 37
554 555 33
555 556 44
556 557 32
557 558 31
558 559 35
559 560 36
560 561 33
561 562 33
562 563 37
563 564 28
564 565 36
565 566 33
566 567 29
567 568 44
568 569 32
569 570 44
570 571 31
572 573 33
573 574 36
574 575 30
575 576 31
576 577 32
577 578 34
578 579 38
579 580 42
580 581 46
581 582 36
582 583 32
583 584 31
584 585 32
585 586 22
586 587 40
588 589 30
589 590 35
590 591 23
591 592 31
593 594 41
594 595 32
595 596 34
596 597 34
597 598 46
598 599 45
599 600 21
600 601 40
600 608 39
600 609 41
601 602 32
602 603 37
603 604 22
605 606 22
606 607 48
607 608 44
609 610 35
610 611 22
611 612 31
612 613 48
613 614 36
614 615 30
616 617 29
617 618 37
618 619 34
619 620 33
620 621 38
621 622 45
622 623 37
623 624 39
624 625 34
625 626 34
626 627 41
627 628 30
628 629 32
629 630 35
630 631 32
631 632 33
633 634 43
634 635 40
635 636 24
636 637 33
637 638 24
638 639 38
639 640 46
640 641 30
641 642 22
642 643 32
643 644 37
644 645 43
645 646 36
646 647 44
647 648 35
648 649 32
649 650 31
651 652 69
652 653 91
652 675 26
653 654 56
654 655 62
655 656 81
656 657 70
656 680 35
657 658 81
657 681 47
658 659 23
659 660 49
660 661 49
660 698 37
661 662 51
662 663 60
662 699 47
663 664 57
663 712 32
664 665 58
664 713 31
665 666 38
665 723 26
666 667 50
666 721 41
667 668 64
668 669 57
669 670 45
669 724 27
670 671 67
671 672 35
672 673 48
672 725 41
673 674 48
673 735 49
675 676 23
676 677 40
677 678 36
678 679 32
679 680 42
681 682 26
682 683 34
683 684 42
684 685 38
685 686 36
686 687 36
687 688 31
688 689 37
689 690 41
690 691 24
690 704 47
690 705 46
691 692 41
691 699 40
691 700 32
692 693 39
693 694 40
694 695 25
695 696 37
696 697 31
697 698 34
700 701 37
701 702 24
702 703 33
703 704 30
705 706 46
706 707 31
707 708 26
708 709 38
709 710 45
710 711 30
711 712 34
713 714 35
714 715 38
715 716 39
716 717 33
717 718 40
718 719 25
719 720 34
719 724 46
719 721 36
720 721 31
721 722 31
722 723 20
725 726 33
726 727 40
727 728 37
728 729 40
729 730 27
730 731 36
731 732 34
732 733 22
733 734 28
734 735 46
736 737 49
737 738 79
738 739 71
739 740 61
739 748 49
740 741 55
740 765 28
741 742 49
741 766 35
742 743 83
743 744 70
743 782 32
744 745 94
744 783 37
745 746 42
745 790 36
746 747 78
746 787 44
747 807 37
748 749 27
749 750 28
750 751 40
751 752 33
752 753 25
753 754 37
754 755 36
755 756 28
756 757 38
757 758 35
758 759 24
758 774 28
758 775 38
759 760 33
760 761 32
761 762 36
762 763 30
763 764 41
764 765 37
766 767 33
767 768 33
768 769 32
769 770 30
770 771 44
771 772 34
772 773 37
773 774 30
775 776 38
776 777 39
777 778 39
778 779 32
779 780 45
780 781 38
781 782 38
783 784 26
784 785 31
785 786 48
786 787 44
786 791 45
787 788 23
788 789 44
789 790 33
791 792 37
792 793 39
793 794 45
794 795 22
795 796 31
796 797 38
797 798 30
798 799 46
799 800 30
800 801 42
801 802 27
802 803 37
803 804 47
804 805 45
805 806 30
806 807 49
808 809 48
809 810 23
810 811 44
810 822 31
811 812 49
811 838 39
812 813 42
813 814 44
813 835 43
814 815 56
815 816 80
815 839 23
816 817 47
817 818 62
817 840 30
818 819 46
818 842 31
819 820 79
819 843 36
820 821 84
820 849 34
822 823 31
823 824 26
824 825 32
825 826 32
826 827 29
827 828 44
828 829 42
829 830 31
830 831 33
831 832 37
831 839 36
831 835 43
832 833 48
833 834 35
834 835 42
835 836 36
836 837 28
837 838 34
840 841 36
841 842 42
843 844 29
844 845 38
845 846 33
846 847 39
847 848 47
848 849 28
850 882 44
850 883 49
850 884 37
850 885 29
850 886 23
850 887 42
850 888 40
851 882 29
851 883 41
851 884 40
851 885 37
851 886 35
851 887 35
851 888 36
853 889 34
853 890 50
854 889 31
854 890 39
855 891 20
855 892 36
855 893 33
855 894 38
855 895 41
855 896 44
855 897 39
855 898 45
855 899 25
855 900 27
855 901 35
855 902 32
855 903 29
855 904 38
855 905 26
855 906 35
855 907 26
855 908 36
855 909 37
856 891 31
856 892 46
856 893 47
856 894 22
856 895 47
856 896 30
856 897 50
856 898 35
856 899 41
856 900 32
856 901 43
856 902 42
856 903 35
856 904 40
856 905 33
856 906 43
856 907 39
856 908 30
856 909 43
857 910 38
857 911 36
858 910 41
858 911 47
861 912 27
861 913 38
861 914 45
861 915 27
861 916 29
861 917 40
861 918 36
861 919 28
861 920 24
863 912 45
863 913 39
863 914 39
863 915 28
863 916 35
863 917 26
863 918 42
863 919 39
863 920 38
865 921 41
865 922 42
865 923 32
865 924 26
866 921 33
866 922 37
866 923 42
866 924 39
867 925 28
867 926 34
867 927 34
867 928 37
867 929 28
867 930 40
867 931 40
867 932 39
867 933 38
867 934 32
867 935 46
867 936 39
867 937 29
867 938 32
868 925 34
868 926 36
868 927 38
868 928 30
868 929 37
868 930 45
868 931 41
868 932 33
868 933 36
868 934 40
868 935 41
868 936 24
868 937 21
868 938 36
869 939 37
869 940 38
869 941 25
869 942 38
869 943 36
869 944 29
869 945 22
873 939 38
873 940 41
873 941 44
873 942 32
873 943 47
873 944 35
873 945 26
874 946 39
874 947 32
874 948 31
874 949 38
874 950 40
874 951 46
874 952 32
874 953 32
874 954 40
874 955 26
874 956 45
874 957 43
874 958 20
874 959 40
874 960 23
874 961 34
874 962 48
877 946 30
877 947 36
877 948 36
877 949 31
877 950 45
877 951 37
877 952 33
877 953 27
877 954 43
877 955 38
877 956 27
877 957 36
877 958 37
877 959 37
877 960 21
877 961 44
877 962 30
879 963 41
879 964 35
879 965 39
879 966 42
879 967 34
879 968 22
879 969 39
879 970 47
879 971 29
879 972 34
879 973 46
880 963 38
880 964 42
880 965 44
880 966 42
880 967 42
880 968 22
880 969 36
880 970 49
880 971 41
880 972 33
880 973 37
